<TICKER>;<PER>;<DATE>;<TIME>;<OPEN>;<HIGH>;<LOW>;<CLOSE>;<VOL>;<OPENINT>
ПИК ао;D;20210830;000000;1335;1433.8;1315.5;1365.8;1663184;0
ПИК ао;D;20210831;000000;1368.5;1368.9;1331.2;1344.7;348491;0
ПИК ао;D;20210901;000000;1354;1372;1339.4;1370.4;284767;0
ПИК ао;D;20210902;000000;1375;1392;1360.6;1383;381229;0
ПИК ао;D;20210903;000000;1390;1400;1380.2;1388.5;333563;0
ПИК ао;D;20210906;000000;1393;1419.8;1389.5;1414.4;459061;0
ПИК ао;D;20210907;000000;1419;1460;1415;1455;690985;0
ПИК ао;D;20210908;000000;1444;1457.9;1427.1;1442.9;456306;0
ПИК ао;D;20210909;000000;1448.6;1452;1430.6;1436.3;302937;0
ПИК ао;D;20210910;000000;1440;1452;1434.1;1446.1;350965;0
ПИК ао;D;20210913;000000;1445.7;1464.3;1441.7;1448.5;595157;0
ПИК ао;D;20210914;000000;1449.2;1459;1441.7;1454.4;664546;0
ПИК ао;D;20210915;000000;1450;1465;1445.3;1459;404616;0
ПИК ао;D;20210916;000000;1464.9;1471.2;1442.5;1460.4;628861;0
ПИК ао;D;20210917;000000;1465.3;1500;1453.7;1484.8;1050203;0
ПИК ао;D;20210920;000000;1485;1491;1430;1445.2;697103;0
ПИК ао;D;20210921;000000;1465;1509.6;1450;1496.8;713803;0
ПИК ао;D;20210922;000000;1499;1503.9;1490.1;1500;481816;0
ПИК ао;D;20210923;000000;1500;1505;1470.6;1482.8;541327;0
ПИК ао;D;20210924;000000;1488.9;1488.9;1430;1444;747515;0
ПИК ао;D;20210927;000000;1420.1;1454.9;1399;1424.4;932832;0
ПИК ао;D;20210928;000000;1420;1420.4;1398.5;1415;1000276;0
ПИК ао;D;20210929;000000;1400;1418.5;1369.9;1407;2372873;0
ПИК ао;D;20210930;000000;1415.2;1448.4;1395.2;1430;2220037;0
ПИК ао;D;20211001;000000;1340;1349;1249.5;1278;5122776;0
ПИК ао;D;20211004;000000;1278;1278;1208;1229.8;2582908;0
ПИК ао;D;20211005;000000;1228.9;1237.9;1101.1;1203;6868720;0
ПИК ао;D;20211006;000000;1202.4;1288.9;1175.9;1280;4656327;0
ПИК ао;D;20211007;000000;1281.8;1310;1275;1304.9;2089056;0
ПИК ао;D;20211008;000000;1305;1315;1259.3;1312.5;3155795;0
ПИК ао;D;20211011;000000;1312.5;1336.4;1285;1331;1749721;0
ПИК ао;D;20211012;000000;1331;1336.6;1310.2;1313;674592;0
ПИК ао;D;20211013;000000;1319.9;1327.1;1285;1292.1;703798;0
ПИК ао;D;20211014;000000;1295;1306.1;1211.2;1269.4;2480640;0
ПИК ао;D;20211015;000000;1252.1;1278.9;1217;1275;1498328;0
ПИК ао;D;20211018;000000;1280;1334;1252;1266;3845531;0
ПИК ао;D;20211019;000000;1265;1280;1220.5;1235;1491335;0
ПИК ао;D;20211020;000000;1236.1;1236.1;1177;1195;1627541;0
ПИК ао;D;20211021;000000;1191;1204;1160;1161.2;1049910;0
ПИК ао;D;20211022;000000;1162.5;1209.7;1160;1197;1057579;0
ПИК ао;D;20211025;000000;1197;1209.5;1146.4;1162.9;996511;0
ПИК ао;D;20211026;000000;1162;1162;1121;1148;639324;0
ПИК ао;D;20211027;000000;1148;1165;1137.1;1152.1;418133;0
ПИК ао;D;20211028;000000;1150;1160;1143;1156;275045;0
ПИК ао;D;20211029;000000;1156;1196;1154;1177;485455;0
ПИК ао;D;20211101;000000;1177;1189.7;1140.2;1147.8;969837;0
ПИК ао;D;20211102;000000;1147;1150.1;1126;1127.5;600639;0
ПИК ао;D;20211103;000000;1130;1151;1100;1133.1;1263145;0
ПИК ао;D;20211105;000000;1133.1;1148.7;1110.2;1114.6;306189;0
ПИК ао;D;20211108;000000;1114.6;1137.1;1100.1;1104;575779;0
ПИК ао;D;20211109;000000;1101.1;1178.8;1100;1163.6;995969;0
ПИК ао;D;20211110;000000;1165;1193.5;1115.5;1124.1;838919;0
ПИК ао;D;20211111;000000;1125.2;1128.2;1105;1118;443421;0
ПИК ао;D;20211112;000000;1118;1128;1026;1102.2;932481;0
ПИК ао;D;20211115;000000;1101.1;1139.6;1100.2;1116.6;494901;0
ПИК ао;D;20211116;000000;1121;1121;1100;1102.1;274553;0
ПИК ао;D;20211117;000000;1100;1117;1095;1100.2;416756;0
ПИК ао;D;20211118;000000;1100;1117;1100;1101.2;319461;0
ПИК ао;D;20211119;000000;1100.7;1112.7;1051;1100.9;955333;0
ПИК ао;D;20211122;000000;1100;1115.6;1072.2;1107.7;748489;0
ПИК ао;D;20211123;000000;1108.9;1108.9;1065;1080.9;1733880;0
ПИК ао;D;20211124;000000;1080;1105;1065;1102.1;494495;0
ПИК ао;D;20211125;000000;1102.1;1135;1102.1;1115.5;360971;0
ПИК ао;D;20211126;000000;1110;1115;1075;1082.2;444247;0
ПИК ао;D;20211129;000000;1099;1105.3;1080;1086.9;418642;0
ПИК ао;D;20211130;000000;1085;1089.4;1075;1081.9;320703;0
ПИК ао;D;20211201;000000;1081.4;1099;1075.8;1083.9;189151;0
ПИК ао;D;20211202;000000;1083.9;1089.6;1075;1080.8;259242;0
ПИК ао;D;20211203;000000;1081.5;1117.4;1077;1117;664004;0
ПИК ао;D;20211206;000000;1117;1125;1089.5;1106.8;276678;0
ПИК ао;D;20211207;000000;1100.2;1118.6;1090;1106.1;522716;0
ПИК ао;D;20211208;000000;1109;1150;1100.9;1141.5;536148;0
ПИК ао;D;20211209;000000;1141.4;1190;1138.5;1186.4;771158;0
ПИК ао;D;20211210;000000;1180.4;1197.4;1155.4;1176.3;459473;0
ПИК ао;D;20211213;000000;1180;1185;1100.1;1158.7;760590;0
ПИК ао;D;20211214;000000;1151.2;1151.2;1087;1112;1146629;0
ПИК ао;D;20211215;000000;1118.8;1205;1070;1086;549772;0
ПИК ао;D;20211216;000000;1092.3;1103.3;1070.2;1081;724450;0
ПИК ао;D;20211217;000000;1085.1;1085.1;1060;1067.3;394700;0
ПИК ао;D;20211220;000000;1070;1070;1030;1030.2;529274;0
ПИК ао;D;20211221;000000;1040;1041.8;1010;1012.9;460009;0
ПИК ао;D;20211222;000000;1013;1040;1010;1019.2;371058;0
ПИК ао;D;20211223;000000;1023;1029.5;1011;1013.4;299674;0
ПИК ао;D;20211224;000000;1013.4;1026;1001;1002.6;268033;0
ПИК ао;D;20211227;000000;1002.6;1030;1000;1029.4;674934;0
ПИК ао;D;20211228;000000;1029.5;1045.9;1020;1043;550077;0
ПИК ао;D;20211229;000000;1046.1;1086;1040;1085;446268;0
ПИК ао;D;20211230;000000;1085;1120;1077.5;1102.4;653355;0
ПИК ао;D;20220103;000000;1102.4;1159.6;1102.4;1155.7;454596;0
ПИК ао;D;20220104;000000;1158.6;1198;1151.3;1171;531057;0
ПИК ао;D;20220105;000000;1179;1187.5;1132.2;1150;495849;0
ПИК ао;D;20220106;000000;1145;1169.9;1135;1142.3;308028;0
ПИК ао;D;20220110;000000;1149;1238.8;1130;1210.1;1146520;0
ПИК ао;D;20220111;000000;1216;1260;1210.1;1254;903856;0
ПИК ао;D;20220112;000000;1254;1269.2;1225.1;1263;570708;0
ПИК ао;D;20220113;000000;1265;1268;1193;1229.9;662252;0
ПИК ао;D;20220114;000000;1235.9;1245;1170.1;1223.8;975603;0
ПИК ао;D;20220117;000000;1233;1249.9;1186;1217;657567;0
ПИК ао;D;20220118;000000;1224;1226.3;1151;1174.7;579597;0
ПИК ао;D;20220119;000000;1190;1197.8;1111;1128.4;878471;0
ПИК ао;D;20220120;000000;1128;1144;1092.1;1119.3;674721;0
ПИК ао;D;20220121;000000;1111;1118.7;1046.6;1071.5;677395;0
ПИК ао;D;20220124;000000;1071;1071;1004.4;1039.6;1105655;0
ПИК ао;D;20220125;000000;1030.1;1047.9;880.1;961.1;2671960;0
ПИК ао;D;20220126;000000;963;969.9;882.1;890;2331195;0
ПИК ао;D;20220127;000000;888;945;830;906.8;2428460;0
ПИК ао;D;20220128;000000;916;940;895;910.8;763538;0
ПИК ао;D;20220131;000000;919;988;904;971.5;1716384;0
ПИК ао;D;20220201;000000;969.1;1030;964;979;964688;0
ПИК ао;D;20220202;000000;985;1000;970;978.8;390487;0
ПИК ао;D;20220203;000000;975;990;930;937.1;588397;0
ПИК ао;D;20220204;000000;944;967.4;916.1;945;422411;0
ПИК ао;D;20220207;000000;949;972.6;901.2;919.2;594459;0
ПИК ао;D;20220208;000000;919.8;923;891;907.5;675295;0
ПИК ао;D;20220209;000000;906;946.4;905;940.5;612241;0
ПИК ао;D;20220210;000000;941.5;962;907.2;936.7;1005181;0
ПИК ао;D;20220211;000000;937;950;915;930;697029;0
ПИК ао;D;20220214;000000;930;939;880;903;1148890;0
ПИК ао;D;20220215;000000;904;954.9;892.6;942.5;758382;0
ПИК ао;D;20220216;000000;948.9;968.8;940;948;629428;0
ПИК ао;D;20220217;000000;948;954.6;889;907.5;684250;0
ПИК ао;D;20220218;000000;913;929.6;853.3;880.5;968729;0
ПИК ао;D;20220221;000000;870;909.9;618;704.9;3353453;0
ПИК ао;D;20220222;000000;695.1;721;545;700;2631298;0
ПИК ао;D;20220224;000000;636;649.9;380.1;540;1993015;0
ПИК ао;D;20220225;000000;550;626.8;470.2;495;1839105;0
ПИК ао;D;20220324;000000;470.5;579.4;450;505;378102;0
ПИК ао;D;20220325;000000;550;550;480;498.6;211400;0
ПИК ао;D;20220328;000000;498.6;507;451.5;507;195053;0
ПИК ао;D;20220329;000000;506.7;509;457;505;380757;0
ПИК ао;D;20220330;000000;507;533;501.1;532;241120;0
ПИК ао;D;20220331;000000;540;633;538.8;596;806815;0
ПИК ао;D;20220401;000000;621;687.2;603;672.1;887105;0
ПИК ао;D;20220404;000000;683;700;621;648.1;342494;0
ПИК ао;D;20220405;000000;648;648;565.6;589;404181;0
ПИК ао;D;20220406;000000;589;594.6;562;567.1;164456;0
ПИК ао;D;20220407;000000;561;626;561;614.3;410329;0
ПИК ао;D;20220408;000000;620;647;588.4;600;348993;0
ПИК ао;D;20220411;000000;599;647.4;579.9;605;357060;0
ПИК ао;D;20220412;000000;614;628;580.2;596.7;163148;0
ПИК ао;D;20220413;000000;600;625.6;590.3;601.7;216706;0
ПИК ао;D;20220414;000000;605;609;581;590;97128;0
ПИК ао;D;20220415;000000;590.8;593.3;565;565.5;397979;0
ПИК ао;D;20220418;000000;568.2;570;537.2;546.5;223256;0
ПИК ао;D;20220419;000000;535;546.6;515;535;194097;0
ПИК ао;D;20220420;000000;535.1;550;526;540;136632;0
ПИК ао;D;20220421;000000;540.1;560;540;554.8;226001;0
ПИК ао;D;20220422;000000;564;564;542;550;282145;0
ПИК ао;D;20220425;000000;547;560;530;550.1;251689;0
ПИК ао;D;20220426;000000;557.9;569;546;560;311099;0
ПИК ао;D;20220427;000000;551;565;551;562;196231;0
ПИК ао;D;20220428;000000;566;577;548.7;549.6;201307;0
ПИК ао;D;20220429;000000;554;572.5;542.2;560.1;1117821;0
ПИК ао;D;20220504;000000;562;570.6;536;538;563359;0
ПИК ао;D;20220505;000000;545;549.4;530.8;536.5;388467;0
ПИК ао;D;20220506;000000;533.7;538.1;523;531;194590;0
ПИК ао;D;20220511;000000;531.2;547;524.6;528;393615;0
ПИК ао;D;20220512;000000;528;532;510.6;530.8;638629;0
ПИК ао;D;20220513;000000;530.8;538.3;521.1;534.3;846302;0
ПИК ао;D;20220516;000000;534.3;548.4;530.6;538.4;1250293;0
ПИК ао;D;20220517;000000;540;565;540;558.1;1896015;0
ПИК ао;D;20220518;000000;564;599;557.1;598.9;2228457;0
ПИК ао;D;20220519;000000;582.5;595;567.1;572.2;1585180;0
ПИК ао;D;20220520;000000;572.2;580.3;545.2;545.2;1249778;0
ПИК ао;D;20220523;000000;554.9;562.1;535;540;1092437;0
ПИК ао;D;20220524;000000;541.3;546;527;533.1;1263714;0
ПИК ао;D;20220525;000000;534;542;531.2;540.4;738687;0
ПИК ао;D;20220526;000000;541;586.4;541;563;512169;0
ПИК ао;D;20220527;000000;565.2;572.5;559.4;561.1;103794;0
ПИК ао;D;20220530;000000;569;575;545.4;553.3;115133;0
ПИК ао;D;20220531;000000;551;551;535;542.9;81142;0
ПИК ао;D;20220601;000000;541.6;562.5;534.9;558;157795;0
ПИК ао;D;20220602;000000;559;560.5;541.7;543.2;89230;0
ПИК ао;D;20220603;000000;543.2;544.8;523;541.7;125879;0
ПИК ао;D;20220606;000000;542.1;545;529.1;541;72536;0
ПИК ао;D;20220607;000000;541;545.8;527;539.9;130547;0
ПИК ао;D;20220608;000000;527.2;544.3;520;537.8;191656;0
ПИК ао;D;20220609;000000;540.4;565;534.4;564;221727;0
ПИК ао;D;20220610;000000;565;594.7;550.4;555;937468;0
ПИК ао;D;20220614;000000;555;555.3;540;541;114428;0
ПИК ао;D;20220615;000000;545;549.4;540.4;545.4;98531;0
ПИК ао;D;20220616;000000;548.8;563.1;545.8;559.2;223741;0
ПИК ао;D;20220617;000000;561.8;588.6;555;578.3;392547;0
ПИК ао;D;20220620;000000;587;598.5;581.1;581.1;400703;0
ПИК ао;D;20220621;000000;585;640.9;580;636.3;1175994;0
ПИК ао;D;20220622;000000;635.5;635.5;612.1;630;674905;0
ПИК ао;D;20220623;000000;630.9;694;630.1;691.5;1481619;0
ПИК ао;D;20220624;000000;685.1;728.8;672;709;1861586;0
ПИК ао;D;20220627;000000;714;783.1;703.2;783;2197260;0
ПИК ао;D;20220628;000000;784.9;845.6;752;794.5;5603381;0
ПИК ао;D;20220629;000000;792;792;733;737.1;2170531;0
ПИК ао;D;20220630;000000;735.7;774.8;706;730.1;1451021;0
ПИК ао;D;20220701;000000;729;780;713;780;1079988;0
ПИК ао;D;20220704;000000;780.1;790;735.1;742;815646;0
ПИК ао;D;20220705;000000;743.7;755;720;745.3;554518;0
ПИК ао;D;20220706;000000;735;755;735;751.5;260425;0
ПИК ао;D;20220707;000000;754.4;770;746.8;756.9;309721;0
ПИК ао;D;20220708;000000;759.9;759.9;742;757;168681;0
ПИК ао;D;20220711;000000;747;755;723.7;731;382868;0
ПИК ао;D;20220712;000000;728;729.8;711;720;291583;0
ПИК ао;D;20220713;000000;729.3;746;717.1;723;571596;0
ПИК ао;D;20220714;000000;724;731.4;715.2;729;181008;0
ПИК ао;D;20220715;000000;730;743;727.2;739.3;231884;0
ПИК ао;D;20220718;000000;742.5;772;741.4;770;648433;0
ПИК ао;D;20220719;000000;775;778.3;750;754;268766;0
ПИК ао;D;20220720;000000;760.2;769.9;753.7;766.6;183696;0
ПИК ао;D;20220721;000000;765;786;739.9;782;636775;0
ПИК ао;D;20220722;000000;789.8;797.5;770;776;880415;0
ПИК ао;D;20220725;000000;780;790;765.1;770;341989;0
ПИК ао;D;20220726;000000;779.8;779.8;756.5;760;260006;0
ПИК ао;D;20220727;000000;760;768.9;752;752.5;181385;0
ПИК ао;D;20220728;000000;751.3;758;745.1;754.5;123064;0
ПИК ао;D;20220729;000000;755;771.1;752.9;771;233888;0
ПИК ао;D;20220801;000000;770;774;750.4;755.5;147134;0
ПИК ао;D;20220802;000000;755.8;755.8;723;727;205787;0
ПИК ао;D;20220803;000000;725;730;716;719;168628;0
ПИК ао;D;20220804;000000;717;738.3;701.7;737;178022;0
ПИК ао;D;20220805;000000;739;745;718;732.1;168692;0
ПИК ао;D;20220808;000000;737;757;732.7;741.7;272542;0
ПИК ао;D;20220809;000000;748;760;738.1;756;165389;0
ПИК ао;D;20220810;000000;756;764.9;748.3;751.4;156476;0
ПИК ао;D;20220811;000000;753;759.8;737.4;737.9;103481;0
ПИК ао;D;20220812;000000;736;736;720.5;728.8;291247;0
ПИК ао;D;20220815;000000;730.1;738.6;722;730.9;222831;0
ПИК ао;D;20220816;000000;730.9;730.9;713.7;725.4;463439;0
ПИК ао;D;20220817;000000;725.4;729.5;717;717;163005;0
ПИК ао;D;20220818;000000;717;726.5;710.2;718;163168;0
ПИК ао;D;20220819;000000;718.9;723.7;715.2;721;84856;0
ПИК ао;D;20220822;000000;725;727;718.4;726.2;105249;0
ПИК ао;D;20220823;000000;727;731;719.5;722.1;163639;0
ПИК ао;D;20220824;000000;721;725.2;715.2;718.7;125739;0
ПИК ао;D;20220825;000000;716.8;723;685;705.9;352433;0
ПИК ао;D;20220826;000000;718.2;726.8;707.1;726.8;308539;0
ПИК ао;D;20220829;000000;728.5;772;717.1;772;1242763;0
ПИК ао;D;20220830;000000;772;779.5;745;748.5;637803;0
